group,label,s1_pitch_std,s2_pitch_std,s1_pitch_mean,s2_pitch_mean,inter_pitch_diff_mean,inter_pitch_corr,s1_yaw_std,s2_yaw_std,s1_yaw_mean,s2_yaw_mean,inter_yaw_diff_mean,inter_yaw_corr,s1_roll_std,s2_roll_std,s1_roll_mean,s2_roll_mean,inter_roll_diff_mean,inter_roll_corr
g1,Main-Th,2.9326685276678917,3.402251173200356,1.1580028368794326,7.563849645390071,6.861350354609928,0.20062653367041977,5.319719780661141,17.18781067898719,-14.903388652482269,29.698903546099288,44.602292198581566,0.06834262405790234,2.3395224882642123,3.8970489238222203,2.8079475177304967,-5.996842553191488,8.875468085106382,-0.5241760117078793
g1,Main-Th,4.168116919589491,3.4459880775315868,0.9639633027522934,9.504120412844038,8.664863532110092,0.02937549822697152,14.01567652025794,23.719210020249285,-22.097780963302753,32.23801949541284,54.40615596330276,-0.2075385687244152,2.2299098732140843,2.433987964460317,3.1106754587155963,-5.0630321100917435,8.17370756880734,0.2109989259712451
g1,Meta-Con,11.127998902887294,4.606422280269283,5.279296825396826,13.859718223583462,12.03559365079365,-0.5519288329567732,14.72588145721693,20.72975347923699,-15.933185714285713,28.63143032159265,46.91387936507936,-0.5065237058783238,5.036816406973127,2.8266030442834986,-2.894773015873015,-2.218410413476263,4.3486142857142855,0.22285439123214476
g1,Main-Th,3.2957050054019668,9.652770050060461,7.983723684210525,15.62316393442623,9.806655737704919,0.5336173283249788,3.5710732249661548,5.420130166353811,-12.779907894736843,-15.517524590163934,6.230786885245902,-0.5577017568576358,1.081878244276405,3.4560425318515993,-4.727394736842105,-10.051573770491805,5.095016393442623,-0.3031983990534879
g1,Main-Con,3.733179057482114,2.0001312381123566,10.174658344283838,10.92141655716163,3.6434126149802895,-0.34298842443533456,8.42711443743926,5.148200075558294,-31.356299605781867,21.59502102496715,52.95132063074902,0.20959880026611902,1.2415594167458066,3.399069935801071,-6.2002023653088045,1.2238777923784496,7.441315374507227,0.4534515673091583
g1,Meta-Con,10.079348788862093,1.2355025626174527,7.700397338403042,9.471441064638782,7.650165399239544,0.3362358130257711,8.540330618902889,6.196110374170019,-26.29235931558935,23.097066539923954,49.38942585551331,-0.3714960931204048,2.2852224804513543,0.8142822792866804,-1.49712927756654,-1.7558365019011406,1.6763536121673002,0.27555264594237283
g1,Meta-Con,5.053788729205158,0.5003950706399071,-9.838190615835776,7.8665219941348985,17.704712609970674,0.5717997232333444,4.757230962646738,2.627859749888755,-42.77167448680352,18.48083870967742,61.25251319648095,-0.9535137447848163,2.4171017361425955,0.675855872793944,3.4082815249266867,-1.5936920821114369,5.001973607038123,-0.21480272493681815
g1,Meta-Con,4.755886804791276,3.031064472848159,7.4041204139228585,10.93304797742239,4.665420507996237,0.29640596498029714,8.01540385997305,4.02738832416758,-18.834123236124174,19.957458137347132,38.79158137347131,-0.21711105902223857,5.91798015688639,1.655415208559479,-2.9772257761053624,0.5099219190968955,7.273597365945437,-0.6071168746500686
g1,Main-Th,0.5710864915667103,0.9562470238969247,8.444730158730158,7.449984126984128,1.2176984126984127,-0.5730673476433183,0.6170699312486417,2.041745180345582,-20.00836507936508,11.543460317460317,31.551825396825397,-0.06598996874853567,0.42260982054356816,0.9800182848853778,-5.030507936507938,0.0573333333333333,5.087841269841268,0.4755210660350742
g1,Main-Con,6.055827206631777,4.260961583274455,7.297560975609757,13.833716463414634,7.978204268292683,0.22357777620187486,12.980755917153958,13.813640716365402,-31.853861280487806,23.06310518292683,54.91696646341463,-0.5332770913055676,4.345350677115708,5.383954030965514,-2.5811021341463416,-2.9502591463414634,4.493842987804879,0.297527788079033
g1,Meta-Con,4.504708268083676,2.184034328421434,3.247170418006431,8.944025723472668,6.327980707395499,0.021392118234886355,13.41596175820676,10.334271842469336,-15.626951768488746,27.062122186495177,42.689073954983925,-0.4134547129095215,5.520271733058462,3.010268105719558,7.750874598070739,-5.798948553054663,13.892369774919615,-0.19668264238072106
g1,Main-Con,2.47064617778873,4.810284797607167,7.959337320574163,9.054815789473684,3.8333110047846892,0.10216475390632056,10.793977167642634,5.956830661577544,-25.738224880382777,16.13152153110048,41.869746411483256,-0.47246433139158,3.1709182162765357,3.044580648785557,-4.019227272727273,-3.462552631578947,4.104842105263158,-0.3392503442387027
g1,Meta-Con,3.9833368980704305,2.5689991708182043,5.43004326923077,8.87083173076923,5.143192307692308,-0.08321333919094415,6.663625672952363,3.48968332814684,-30.685081730769234,19.616283653846153,50.30136538461538,0.09226951813522222,3.879939790339916,0.9443659234141363,-4.534076923076923,-2.810913461538462,3.470538461538462,-0.4595118717117147
g1,Meta-Con,7.930621980698497,2.7706882109792033,1.6468165137614679,7.760972477064221,7.375610091743121,0.19010456726867334,8.586264047843404,6.202932646236428,-27.459419724770644,21.231493119266055,48.69091284403669,-0.5573299382656639,3.540656838935676,2.373250871719211,-5.653243119266055,-2.871032110091743,3.583229357798165,0.5354364953687751
g1,Main-Con,1.645422982464914,2.53227930939901,9.952966666666665,8.474459259259259,2.1518234567901238,0.45157021263171004,6.297184945916235,4.869095173254104,-25.464128395061728,22.10530987654321,47.56943827160493,0.3501126162473001,2.345220976887648,2.033501810044177,-10.60869012345679,-1.111332098765432,9.498051851851853,0.021873027806398035
g1,Main-Style,1.8891578893591279,0.8280930525120755,10.952357142857142,9.021173469387755,2.3386122448979596,-0.7756146631899362,0.38518221757003407,1.4004162341482551,-21.59117346938776,20.76557142857143,42.356744897959175,0.1590430310861622,0.7201936875674727,0.37048842796736847,-9.465795918367347,-0.03735714285714286,9.428438775510205,-0.4973561665883302
g1,Main-Style,0.9148261734443892,0.9199821029724333,10.644873786407768,8.364225242718447,2.2985514563106797,-0.6244612196033748,4.599362683756552,0.8141759604851161,-25.059976699029125,16.1191145631068,41.17909126213592,0.12255183129072864,2.4909659260381023,0.306694745095486,-6.360543689320388,0.05068737864077671,6.411231067961165,-0.28679672328590217
g1,Meta-Con,6.930574110144876,2.1811441245142666,6.118337520938025,8.581795061728396,5.3271817420435505,0.0913296289680808,17.75549681932097,7.658828431142391,-21.662593802345057,20.39665020576132,42.4979824120603,-0.305993096601474,4.604852061402657,1.868462356022018,-4.673333333333334,-1.2496238683127572,5.673129815745393,-0.08574602061997799
g1,Main-Con,3.171537985723325,2.406232760627611,4.711917864476385,7.116862422997947,3.4373264887063657,0.13414423684933247,9.181088190177633,4.480155144993501,-19.753782340862422,17.181260780287474,36.9350431211499,0.5867306698557929,5.6496253368432,1.9650318684928827,1.9043388090349078,-3.0437268993839837,5.474759753593428,0.1295437298852442
g1,Other,4.971427472975217,6.7486842975109695,9.552606334841629,9.209227906976745,6.642009302325582,-0.13682625236663853,10.272723131169913,12.65210782139821,-12.938943438914027,10.822574418604653,23.88577441860465,0.07039402894364952,3.9553522909578374,5.307112048185783,0.6493597285067871,-4.990523255813954,6.510679069767441,0.20523588688213676
g1,Main-Con,1.890879458838657,2.3194142075716124,9.603764227642277,8.966800813008131,1.6146544715447155,0.6417108973994043,13.090816831594228,11.946819439539366,-43.48866260162602,19.50480487804878,62.9934674796748,-0.04026804782167911,1.723173838700153,1.3919090480197274,-1.0942764227642277,-0.1715000000000001,1.795670731707317,0.2717838909073225
g1,Main-Con,2.6926780752491943,3.8747833788677903,10.678540192926045,10.892048231511255,2.9022604501607714,0.09894805768583213,12.64999374636331,18.754764901781282,-45.41702893890675,48.052038585209,93.46906752411574,-0.3085230312857101,4.019593172282062,2.791350515637786,-6.2602604501607715,-3.7891221864951765,4.959427652733119,-0.11283472292809045
g1,Meta-Con,10.899591596984637,3.8443212961189253,3.754154822335025,8.838893401015229,8.769895939086295,-0.16437318449917868,11.70898229888522,13.516395796477335,-25.68456345177665,26.21110659898477,51.895670050761424,-0.9020425441959878,2.914863150614413,2.249810776553308,-4.851675126903553,-3.0696243654822335,2.4724111675126905,0.6259949100399106
g1,Meta-Con,11.750310333604189,2.079633619130186,-3.359027303754267,6.695677474402731,13.021059726962458,-0.12658159539676717,14.268386576496276,11.55933022980326,-19.77277133105802,33.11608703071673,52.88885836177475,0.41746642562261865,3.2636091249478407,2.7829863806956094,-1.6526433447098978,-4.529626279863481,4.014846416382253,0.02647922074046527
g1,Meta-Con,2.0155269991454188,2.299978183967486,9.006151515151515,10.294567676767675,2.2711919191919194,0.16239556139965128,8.03493311957407,4.6989790391935,-20.45460202020202,16.537307070707072,36.99190909090909,-0.06737043200614395,2.1267362723627423,0.8991534351799533,-8.349826262626262,0.40980202020202017,8.761462626262626,0.018753148407673143
g1,Main-Con,5.048115659787851,4.601046404526856,6.995870309951059,6.035915986949429,4.0672055464926595,0.43016216605153995,13.890452320692251,6.548336045924585,-24.49792414355628,19.019693311582383,43.517617455138655,-0.46333493340259124,6.19523384447602,1.769887457286818,-3.972421696574225,0.994800163132137,7.754396411092985,-0.2368116816783142
g1,Main-Con,6.752198422252708,3.7621346801398636,8.156732593340061,7.927997981836529,4.12380423814329,0.5715326270221485,17.12404323973658,10.283218135714353,-26.549933400605447,27.4108668012109,53.960800201816355,-0.04720265661037337,2.1378890598783875,4.161953158010056,-5.316411705348133,-3.262816347124117,3.9137003027245205,-0.040440905982052376
g1,Meta-Con,2.8961215854542717,1.9946791889726436,10.249530014641289,6.18721083455344,4.115742313323572,0.5702830646657111,8.235676684815953,8.676972368836463,-30.56491068814056,34.33980819912152,64.90471888726208,-0.5161423715095356,1.4234537272362975,1.733497014397079,-5.258696925329429,-3.4686515373352855,2.4809180087847733,0.0658570875910786
g1,Main-Style,3.4248068860921235,3.571840853957503,10.281756007393716,11.480800369685767,3.120678373382624,0.37633283563421793,9.309195740354694,14.392710932454625,-29.70689833641405,31.79719223659889,61.504090573012945,-0.3551106769440417,1.444023260358535,2.0218499610174243,-7.012743068391867,-2.3811663585951943,4.638878003696857,0.27505881058979265
g1,Main-Con,2.6301919278271444,6.525021036135535,7.809581545064378,10.735054112554113,5.146324675324675,0.035785111060919673,8.01557650561578,17.67652967055953,-26.44374034334764,28.098396103896107,54.537069264069274,-0.17561681270072801,2.216219556893535,5.45812806335489,-4.255980686695279,-4.896915584415584,4.756125541125541,-0.13280205520256103
g1,Meta-Con,0.9528849300940322,7.263876546848665,9.104139423076923,6.397617263843649,5.914900651465798,0.02902374296970861,4.100283253455914,11.647439537934558,-25.257275641025643,15.915641693811075,41.20250977198697,-0.12245073169782542,0.9717668052524168,5.737964243315856,-7.869655448717949,-1.747872964169381,6.103410423452768,0.3732987079521312
g1,Main-Con,1.5274604644680074,0.43937926348370965,7.678107142857144,3.7958214285714287,3.882285714285715,0.46381728116239773,0.5178168983730752,0.8099391893369908,-22.478908163265306,7.38080612244898,29.859714285714286,0.17113133356083426,0.7767347086618306,0.25921174693447563,-7.673948979591837,-2.7716173469387755,4.902331632653061,-0.5230701283382736
g1,Meta-Con,0.9152462585993075,1.49998476104662,8.659929336188437,6.93157601713062,1.9212526766595293,0.21704278722430423,5.057920596902786,5.7134387506868265,-23.929871520342612,8.655565310492506,32.585436830835114,-0.7510900835527444,1.694884108591906,1.1145723069706932,-7.800991434689507,-1.2230620985010707,6.5825160599571735,0.152498388496615
g1,Meta-Con,2.9293397593249626,1.7273329129707415,7.893072874493927,6.773323886639676,2.50868016194332,0.2989423715124121,10.619541183539077,22.008251932449827,-26.85324291497976,25.59519028340081,52.44843319838057,-0.12162539079830546,6.146347843471137,2.873771000469842,-0.9473765182186242,-3.3643198380566814,7.144546558704453,-0.5216068800731782
g1,Meta-Con,1.6490929261155665,0.6850930474932485,5.918825242718447,3.5835631067961167,2.401184466019417,-0.3438476679799893,0.3423535510712385,0.33309544071506975,-23.166786407766992,5.063766990291262,28.23055339805825,0.3115650263105145,0.9410719259885909,0.27313441790035653,0.2594854368932039,-1.6350388349514564,1.8945242718446604,-0.8028478470304249
g1,Meta-Con,2.2611641412459185,1.975094723143326,5.617238163558106,5.934275466284074,2.072428981348637,0.01963210369599388,8.494222698836742,6.482178953793593,-17.62203443328551,8.676232424677188,26.298266857962698,-0.2943813884698569,3.4726516278098507,1.3832034613080584,-5.219812051649928,-0.23086083213773317,5.628847919655667,0.24513247709141375
g1,Other,4.982895125800782,8.271146156420686,10.637278095238095,9.915923954372623,7.143007619047619,0.10346756581535363,3.611084426253369,20.186899038484746,-10.034779047619047,5.244266159695818,22.105641904761903,0.2888729858341144,6.904520947531673,4.440220710137996,-3.2543809523809526,-1.0312338403041827,6.224171428571428,-0.3881584715754026
g1,Main-Th,0.34505392278212,2.392021865741885,11.752206521739133,11.930358695652172,1.9586521739130434,0.7142506966974709,0.22310969601263303,1.0549528326974795,-15.14867391304348,28.532434782608696,43.68110869565218,-0.19922573680918093,0.20448133581947975,2.1215681870410603,-14.066902173913043,-3.005293478260869,11.061608695652176,-0.5485320443447965
g1,Meta-Con,2.9145379450380062,2.4197801448600713,11.81365761821366,11.387719789842382,2.8688922942206654,0.06696994721031868,9.137207981685814,11.388937050668027,-25.769468476357268,25.404509632224165,51.17397810858144,-0.07364834604077014,2.770678918711146,1.6523404216299762,-12.116782837127847,-2.893406304728547,9.2233765323993,-0.19208004040458437
g1,Meta-Con,1.747565391539981,2.5006212680259883,11.668978658536586,9.629338414634146,2.626201219512195,0.30167389396138145,11.959479948395986,8.137774805081108,-37.071,30.878396341463414,67.94939634146341,-0.24973270121399208,1.052789038397582,2.9261185304301285,-7.989704268292683,-4.917557926829269,4.250091463414634,-0.4164414439965399
g1,Main-Con,3.8816457058807026,3.0264714501849626,5.577598771750256,8.743972364380758,4.396836233367451,0.2249915754489048,12.813257786168005,14.80835685518751,-37.173599795291715,34.860210849539406,72.0338106448311,-0.5681975510700102,3.100697906388558,2.621269222388204,-2.72703889457523,-4.752899692937564,4.044388945752303,-0.05702643702169661
g1,Meta-Con,5.46356464720659,1.8740658018965284,6.735138331573389,7.8433252375923965,4.518668426610349,-0.16351092787405438,10.209248207265825,8.855237298130568,-27.571633579725447,27.39619640971489,54.96782998944034,-0.402622764356524,2.3372865414085475,1.7557385291504326,-6.273957761351637,-2.6309598732840547,3.7481573389651532,0.15247418577492036
g1,Meta-Con,6.891449657810634,1.556315955830487,5.730487323943662,6.513039436619718,5.491419718309858,0.6134186511453591,17.477410571085162,4.591560178185336,-25.937445070422534,18.250704225352113,44.18814929577465,-0.5464196267838123,2.848970602724044,0.8122449784621643,-3.6158732394366204,-3.2248535211267604,2.2916957746478874,-0.13898052752738504
g1,Meta-Con,6.533578416315227,0.7086675743526226,10.097217171717173,5.63400505050505,6.123484848484847,0.20442646094227085,6.9056505007966456,4.051638153780502,-19.776767676767676,11.156434343434345,30.933202020202017,0.28853554263714615,9.824091028545498,1.3821178918953947,-8.117969696969697,-3.540030303030303,9.137313131313132,-0.40017350956908226
g1,Meta-Con,5.179024536626125,2.43665465191263,10.901610909090909,6.876523636363637,6.1966290909090915,0.04810603393307009,5.213760542711492,4.68785291552659,-32.370312727272726,12.371592727272727,44.74190545454546,-0.5469850677302638,2.9824465315225424,1.518795872779441,-15.551341818181816,-0.9832218181818181,14.56812,-0.75940188617553
g1,Meta-Con,3.801317126193377,1.6572031102127023,5.035536363636365,5.049304545454546,3.311668181818182,-0.15803824227237,15.790330420187919,6.344877875711078,-29.009518181818176,17.816875,46.826393181818176,-0.033802902780923745,2.567563719952387,1.5519287770290238,-7.973804545454546,-3.224136363636364,4.873527272727272,0.3632481720409627
g1,Main-Con,3.066091238363086,2.443519470962226,8.528937845303867,7.654997928176794,3.1597175414364638,-0.010202440889047176,8.28933798781628,10.432158127083547,-20.163115331491714,19.559513812154695,39.72262914364641,-0.5120449504413862,1.3664539209759772,1.6457643735894674,-8.85862223756906,-4.104366712707182,4.8570400552486195,0.09509051415523502
g1,Main-Style,2.4182704471136836,5.655108265036241,-0.011601092896175122,13.440180327868852,13.451781420765029,-0.8012769722771743,5.921433597056743,15.83288032964555,-2.816393442622951,38.58437704918033,41.40077049180328,-0.4875594570698669,4.809096685803415,1.7983583530676412,6.248601092896174,-2.8010928961748633,9.107409836065573,-0.5901393586532702
g1,Meta-Con,4.119985734811493,3.598723438651556,7.285180438448566,10.030524451939291,5.313167509836987,-0.30998780598372105,8.934936089941795,11.611222572915564,-28.580824058459807,30.35799662731872,58.93882068577853,-0.03117199123324022,6.308476201076427,2.73600672314562,-10.457436762225969,-3.099545812254075,9.917234401349074,-0.12233200744272965
g1,Meta-Con,1.264852133431557,2.793453533450534,8.212376543209876,9.92424074074074,2.369851851851852,0.6185653840379481,4.848457963999597,10.698224378125582,-23.773104938271608,21.52188888888889,45.294993827160496,-0.5977593891552908,1.3837844651178115,3.8909175714194593,-9.738913580246916,-3.509172839506172,6.229740740740741,-0.04287358699130837
g1,Main-Con,5.1758053411877905,2.3887465013173492,4.062777479892761,8.702980339588919,5.558889186773905,0.14627218260071292,7.30740806978684,8.040009652947802,-29.14078194816801,21.602048257372658,50.74283020554066,-0.5107460433980971,2.8487021749518147,1.3225291969341875,-6.975394101876675,-3.4919991063449505,4.075532618409294,-0.11253670737029552
g1,Meta-Con,7.15079142553221,1.9967629740168884,0.25112171837708785,8.506885441527446,8.255763723150357,0.18960833418178288,0.9129419930509122,6.0023490788895035,-18.147801909307876,21.059167064439144,39.20696897374702,-0.11028430593547399,3.085025631287189,0.787831038659369,-5.797618138424822,-3.4852362768496423,3.541145584725537,0.06971728041053218
g1,Main-Th,6.189980865903891,1.979287703643421,3.8936618759455373,6.323171709531014,4.923080181543116,0.007045989781197024,16.386239061290357,10.713798663026768,-25.491176248108925,27.640182299546144,53.13135854765507,-0.5987505995052771,2.308374205739666,2.4294626236682286,-1.0840302571860816,-4.35191830559758,4.143447806354009,-0.3418255948575657
g1,Meta-Con,3.522216493201992,3.971910304918735,8.94901138952164,4.921,5.160626423690206,-0.2692454959079544,13.861717593729812,12.707622068733212,-27.69099088838269,31.19995444191344,58.89094533029613,-0.12382572626131853,2.930558624812891,4.518198825541057,-3.280733485193622,-4.570708428246013,4.023824601366743,0.11500678022062902
g1,Meta-Con,10.077629936776175,5.8648476635000835,4.4990995085995085,1.9841842751842755,8.191610565110565,0.3358927593452728,14.372341792361125,21.001954288724512,-29.537651105651108,29.05059705159705,58.58824815724817,-0.6607655797358943,4.356406990839791,4.208088412775268,-1.7953820638820641,-5.819410319410319,5.021797297297297,0.09468090600689566
g1,Meta-Con,6.412057453982886,4.705913446208306,-0.3473233387358183,4.083758957654723,6.16528990228013,0.20189565634731793,9.015653181577038,22.878140442361037,-14.422651539708266,22.13587622149837,40.745574918566774,-0.6087098093554988,5.614381943843999,7.351070462274566,-2.672042139384117,-5.165324104234528,7.023909609120522,-0.03889296020267494
g1,Main-Style,1.2738969283960002,1.7157144697184699,6.789217391304347,9.413478260869566,2.639858695652174,0.5029962152151943,2.4562012485572335,4.737011591296631,-10.732076086956521,19.489309782608697,30.22138586956522,0.30613027501052914,0.3989944617932639,0.8881101876251093,-0.9555978260869564,-3.566320652173913,2.611842391304348,-0.4953713667882214
g1,Main-Th,0.7505721000031806,1.4499438506204296,2.8346062717770035,5.784783972125436,3.0165540069686414,0.09118085994809563,0.3551758692218999,1.2496332852788106,-8.529655052264806,14.626533101045299,23.156188153310104,0.3054533621098909,0.3159185823803488,0.6558236095416146,-2.0149581881533103,-2.6325261324041813,0.7485714285714286,-0.5044098393982436
g1,Main-Th,6.142034767639178,3.0341486288414887,5.604806916426512,4.531455331412103,2.947149855907781,0.6652840176434126,10.037027161840408,17.650136998311638,-8.749210374639771,20.274795389048993,29.024005763688766,-0.4134141218350809,5.535707269385815,4.256380360656591,-7.774703170028819,-5.365691642651297,4.425368876080692,0.5001742712406445
g2,Other,1.7080032412209047,0.34036188929766276,12.31378846153846,6.120500000000001,6.193288461538462,0.7162181542867835,4.725856610644684,1.1558080787296445,-55.822038461538455,35.773634615384616,91.59567307692306,-0.8319081351601629,1.2893125313687501,0.3147721625697044,-5.763519230769232,2.81523076923077,8.578750000000001,-0.7138032721664213
g2,Main-Th,5.531365731632463,4.261730349898741,8.873030674846627,-1.1601717791411044,10.109521472392638,0.29536368719898903,25.79844007219723,1.8503093785661648,-36.22280368098159,18.059717791411042,54.28252147239264,-0.2679733099575259,3.9576908578111136,3.984261260331443,-1.9368895705521474,3.811435582822086,6.49706134969325,-0.3130896893024057
g2,Main-Th,2.8939686410156855,1.110380594543842,16.489670731707317,7.647853658536586,8.84181707317073,0.4586888242027615,9.421171701971614,6.644005493574262,-52.787378048780496,24.03796341463415,76.82534146341463,-0.6792721590802889,4.457543029819449,3.253538802918409,-1.3938048780487806,16.20332926829268,17.597134146341464,0.8191993734131988
g2,Main-Th,5.153916928627487,0.32982294958079467,8.345802631578946,-1.8984078947368421,10.24421052631579,0.09811632404357261,18.28171178504364,0.8050234208208948,-46.53040789473685,17.73465789473684,64.2650657894737,-0.26014044920415785,3.045037720706644,0.24210892829033542,-3.1013026315789474,6.006986842105263,9.108289473684213,-0.5103278298399913
g2,Main-Th,8.879403398515514,2.728427213401239,9.383900943396226,-0.5087665094339623,11.35280424528302,-0.15414111677900222,19.766627792464472,5.051327725587355,-53.676811320754716,17.171224056603773,70.8480353773585,-0.051886342888362365,7.155522128545588,1.4991341093247723,-10.309436320754717,12.868766509433962,23.17820283018868,-0.6047272642255739
g2,Main-Th,2.848983699198831,2.565062524846626,12.649514705882352,-3.5154191176470593,16.16493382352941,-0.3692619482343476,2.823585940414865,7.814390281895176,-55.35775735294118,30.387750000000004,85.74550735294119,-0.4462102765494891,4.031775512740103,2.6393909132241964,-4.114757352941176,2.3686911764705885,6.667404411764705,0.4823612202379276
g2,Main-Con,2.758392161848708,1.0516637083419529,12.8633125,-3.98365625,16.846968750000002,0.5285351634473352,1.5128867164245547,0.9117401912887744,-57.50990625,30.246781249999998,87.7566875,-0.42664815364824277,2.8793757484227096,0.6431875251746746,-2.31959375,5.514531249999999,7.834124999999999,-0.4612353765374317
g2,Main-Th,3.9924282209607003,2.5714122171780294,11.631236434108526,-1.1337093023255815,12.766015503875972,0.34320377530035545,9.673311959474654,7.480339800444759,-56.61253488372093,29.215387596899227,85.82792248062015,-0.5241084061503964,6.313478387175985,3.2992741243323382,-8.05636434108527,3.154151162790698,11.732608527131786,-0.6524546774176817
g2,Main-Th,3.6435220987379635,4.110797655139388,10.5287304964539,-4.160567375886525,14.689297872340424,-0.14558055511984702,7.055608762389163,5.627976525468628,-51.88753191489362,24.71401418439716,76.60154609929077,-0.4122268714086652,4.831205529208095,2.7434017137523354,-4.094475177304964,5.379035460992909,9.514929078014184,-0.3540536523690194
g2,Main-Th,4.945615802788233,3.4072083674299245,7.148879069767442,-2.1039646511627907,10.05517488372093,-0.22934459626873263,17.63502789299628,5.274040577363881,-30.07160465116279,19.34364372093023,49.41524837209302,-0.6218713645127822,2.993798485297914,4.464197679083375,0.5625265116279068,10.192832558139536,9.632601860465117,0.3879723578634105
g2,Main-Th,5.03930544321891,1.8278193435066863,16.338566666666665,-2.8174033333333335,19.155969999999996,0.377696934333492,8.05135307354918,4.764913097390719,-62.895810000000004,24.464520000000004,87.36032999999999,-0.5240537916479342,4.987906863644327,0.7629366640160169,-9.549756666666667,8.584176666666666,18.133933333333335,-0.06763140479135353
g2,Meta-Con,7.816783075775274,7.714533644279066,9.409927051671733,11.545721884498482,8.982405775075987,0.12394647300909216,17.917350022268657,3.5585455274257645,-53.88565805471124,28.818793313069907,82.70445136778116,-0.06452993944858529,6.133727526384875,5.720264940824191,-8.412080547112462,6.991422492401216,15.744919452887537,-0.42914044916707034
g2,Main-Th,1.8239201589533898,0.3520295136698395,9.113290322580646,9.364387096774193,1.4261290322580644,0.4721724904966217,18.410440066055088,0.4539378219938927,-47.47632258064517,26.733709677419363,74.21003225806452,0.9349590193783998,1.5500339607795348,0.3713653361626873,-1.3197096774193546,8.440290322580644,9.759999999999998,-0.4680031905318334
g2,Meta-Con,5.318159382310789,2.3005416555708633,5.479203488372093,8.276337209302325,5.004412790697675,0.08013260091184704,19.662966843135735,1.9465328427352921,-47.37573255813953,27.877337209302326,75.25306976744186,-0.20285432003645368,3.4447363304573697,1.6120089681415215,-1.5698488372093025,5.513372093023256,7.083569767441859,0.1357888307638534
g2,Main-Con,3.7335078986243686,2.6351151491376936,13.585121457489876,5.9927611336032385,8.296012145748987,-0.37862734523506564,2.1902587302239898,10.030892947808978,-63.39366396761134,29.937275303643723,93.33093927125505,0.0032706794036224604,4.590320851921335,3.2053405703630626,-3.9378178137651827,1.7120526315789475,7.063165991902833,-0.05873670147170256
g2,Main-Th,1.9809796344376531,0.7453731596744818,10.129833333333332,3.504208333333333,6.625624999999999,-0.3140895448855547,15.73086412926976,0.9056506183695737,-41.32304166666667,13.366750000000001,54.68979166666666,-0.5548579590706664,2.943501582703139,0.7547352255183919,0.26258333333333334,5.312125,5.049625,-0.019350639948923005
g2,Main-Th,5.115113406720915,4.683975789592733,6.719812655086849,2.149543424317618,6.452122828784119,-0.14321326393516196,18.574704011988022,7.950842852622657,-51.66889454094293,12.808145161290323,64.47703970223326,-0.19036389840241935,6.633782347380244,3.7603509686262573,-5.738624069478909,2.760849875930521,9.360846153846154,0.15694133623059495
g2,Main-Con,7.257114151939547,2.6620977651509414,10.873405564924113,4.688907251264755,7.39260623946037,0.35018536992499427,22.021117517459544,8.429085389517805,-52.82507925801011,28.850908094435074,81.6759873524452,-0.29511930802232694,7.022440413507643,4.676305204860585,-8.305745362563238,0.19512225969645847,10.26345952782462,-0.20849906540411423
g2,Main-Th,7.622348809094941,4.3169491253580325,10.424618320610687,-4.734505089058524,15.74357124681934,0.25936981430683087,15.899733045486556,5.641182365580474,-58.265057251908395,13.033048346055981,71.29810559796438,-0.09812658686668078,7.5325735165434375,4.090210762429723,-3.761866412213741,4.328637404580153,9.301089058524175,0.03952245509311002
g2,Meta-Con,5.444805449190969,0.4956664782225925,16.081901515151515,-0.15075,16.232651515151517,0.04685087622672137,20.57769646262287,0.5631710922605954,-42.01195454545454,12.483651515151516,54.49560606060605,0.4487876954768335,7.027761328475698,0.4023274830966302,-6.125674242424242,9.09169696969697,15.21737121212121,-0.37021414766629496
g2,Main-Th,4.353157804531539,0.4609908475647445,16.561725000000003,0.01645000000000001,16.545275,0.6068261606514842,17.638980383347064,0.3048397803218384,-50.138400000000004,13.762875,63.901275,0.17934831168156584,6.605573759702619,0.3343398815730131,-3.5021500000000003,7.81265,11.3148,0.8821816027341655
g2,Main-Th,2.234915410742375,0.23717278971427364,25.60052083333333,0.4854375,25.11508333333333,0.10143033627422444,5.360536418218432,0.2698780523135725,-74.14022916666666,13.025083333333333,87.16531249999998,0.6669809800448138,3.1082455233779864,0.2785423104407548,-15.731354166666668,7.560729166666666,23.292083333333334,0.31353310472702495
g2,Main-Th,9.136524033904825,0.5380016429443607,12.94542608695652,-1.457886956521739,14.403313043478262,0.7851144167025594,27.375497074093456,0.3212663154790426,-52.12342608695653,9.77624347826087,61.89966956521739,0.42509641418672034,9.163918286927755,0.6565531744940505,-9.857226086956521,7.263652173913043,17.120878260869567,-0.23224389498925183
g2,Meta-Con,6.70745384657868,8.161258140740467,15.58084,-3.506751578947368,19.095067368421056,0.20270975983410858,19.087563933970266,8.622696111229349,-55.71175894736842,6.974768421052632,62.68652736842105,-0.4876575648450098,8.155076135119232,4.178117333749523,-6.935826315789473,9.284489473684213,16.230240000000002,0.501111798734815
g2,Meta-Con,10.190670830146246,3.086217507186314,13.675589715536107,5.8634299781181625,10.888299781181619,0.2748820984118188,23.295008165088614,6.387604204131565,-51.189204595186,19.294987964989062,70.48419256017505,-0.34983597929613997,12.281624640625989,5.24511516850374,-9.853762582056891,9.628504376367614,20.489724288840264,-0.5293851457815066
g2,Main-Th,7.399175116404457,1.0557466497522887,2.2281092436974794,10.861831932773107,8.706344537815125,0.8340205259039442,21.887987337222338,1.294969626835045,-30.28153781512605,14.842932773109244,45.1244705882353,0.8412401840977588,3.276606921794926,0.45907503329907545,-1.6071932773109245,33.106857142857145,34.714050420168064,0.14706478015808488
g2,Main-Th,3.2341287521857085,1.110099996639944,6.50825,1.766813596491228,5.059848684210527,-0.38629350133434687,9.084685439096807,2.162540673273627,-62.33871491228071,29.909236842105265,92.24795175438597,0.09117598045294396,3.2646915068701183,3.2977878812641963,-6.810951754385965,15.590175438596491,22.401127192982454,-0.161905388149524
g2,Meta-Con,2.303623862149096,1.7505824650324644,7.768433070866142,3.6952204724409463,4.1424566929133855,0.6109953237885533,2.0652210893101812,2.455543000554369,-63.90805511811025,24.775968503937005,88.68402362204725,-0.44285013069106627,2.644427803811971,2.70570000527778,-10.087629921259843,18.415362204724406,28.502992125984246,-0.6711489001127562
g2,Meta-Con,5.197096401578187,1.1734246493065796,12.360371014492753,2.9714898550724635,9.398017391304347,-0.03964858765678418,2.2310885875185633,2.7647586541485403,-67.35504927536232,25.492402898550722,92.84745217391304,-0.16054112392075104,7.071166056470459,1.065272760974713,-7.675208695652175,10.233623188405797,17.972257971014493,0.06858607560862214
g2,Meta-Con,8.476195742777932,2.117101483005391,8.977295801526717,-0.09443129770992377,11.236597328244274,0.26723465753762615,22.115828616729075,4.52024458037836,-54.590028625954204,18.801248091603053,73.39127671755726,-0.05572532859831394,6.53278886730057,2.240996380929953,-7.268837786259542,12.39723282442748,19.68894083969466,-0.4318165777973566
g2,Meta-Con,6.55475009455203,1.2305441353093567,13.549698663426488,-0.7185650060753341,14.505838396111786,0.3920185287194199,24.77746404975368,0.9744596464567584,-62.83059902794655,11.91867922235723,74.74927825030377,0.010479466553075653,9.473343330119942,1.0885319087089091,-12.716993924665855,15.972156743620898,28.689150668286757,0.5096107534492709
g2,Main-Th,6.178081641684481,1.9598284544981461,0.32230402010050235,7.451620603015075,8.833070351758796,-0.1490047776603842,14.58230922714788,6.487653342489426,-59.58960301507539,18.38647487437186,77.97607788944724,-0.6413974224360597,5.0222036789515965,3.1511155978206675,-6.091711055276381,5.789763819095477,12.326263819095477,0.06012505605020958
g2,Main-Th,11.626140923230853,0.3494962068342793,10.289777777777779,-2.54025,12.890166666666667,0.2058183703182303,18.725896228951626,0.626598145789412,-53.17066666666667,13.260444444444444,66.43111111111111,-0.45842163494474486,10.586830907616832,0.7189126679229936,1.0171527777777778,3.3003888888888886,7.4522361111111115,0.7647475885415067
g2,Main-Th,3.9726905818569254,1.173973783739575,4.8374411764705885,2.4293676470588235,3.7348088235294115,-0.28346441603887634,17.217582499066463,1.3236330078810512,-44.171191176470586,13.146249999999997,57.317441176470595,0.8532051086416016,3.3405733974891634,0.6563465892796269,-3.3863676470588233,6.199426470588236,9.585794117647062,0.29220738790804834
g2,Meta-Con,9.508441414715225,1.9709140998688806,18.140111111111114,-1.5678518518518518,19.707962962962966,-0.22433935923147705,3.4972195688313343,5.399676431684742,-58.062083333333334,20.28467592592592,78.34675925925924,0.027634045406190973,4.838589694045962,6.433105467908346,-11.43234259259259,-1.6849629629629632,9.825601851851852,0.4287258946365627
g2,Main-Con,8.029575460514456,1.6010647224225425,9.751734491315135,0.29551612903225805,9.851146401985112,0.3674121240634827,3.8973684835114115,5.588152362095566,-62.66897270471464,27.41003722084367,90.07900992555831,-0.20564915267110223,10.258410344416902,6.9088520404635885,-12.08765260545906,-2.4481736972704713,12.427444168734493,0.02198546464492507
g2,Main-Th,4.475374824235933,1.147455306768599,15.726472222222222,-1.9388241206030146,17.820520833333333,-0.39677388800179675,32.272103180010255,1.3981925143710674,-0.970055555555557,9.55543216080402,22.92009027777778,0.367567882293214,5.43957160601761,1.9744724787681192,7.313458333333333,-0.1751909547738692,8.32125,0.23241170252412502
g2,Main-Th,4.226883839827125,1.1931820901352361,10.497142857142858,0.022808823529411756,10.59874603174603,0.7197746391233844,20.708598378248652,0.5080357331818699,-47.8678253968254,8.201308823529411,56.051444444444435,-0.42531795618820145,4.001954073646783,0.40896778456835664,-4.032412698412698,0.7390882352941178,5.284873015873016,0.47584230609162853
g2,Meta-Con,8.973560455115567,3.689519166115833,13.856971962616822,1.8693123052959502,12.604810747663551,-0.3403032062842856,17.018255907448534,10.140157783715592,-62.92172741433021,14.553171339563864,77.47489875389407,-0.3038837942449117,10.794321795736352,3.248826656494506,-11.127232866043615,2.7637570093457944,14.376391744548286,-0.26589601320604034
g2,Main-Th,3.862855329880811,1.8636674718344977,7.059450909090909,4.311730909090909,3.7159890909090905,0.07361203382174253,15.980499812157637,2.1058693002671283,-59.742887272727266,9.772250909090907,69.51513818181819,0.14198511709490844,4.278513253107198,2.9076141534281437,-6.684225454545454,4.932021818181818,11.756407272727275,-0.6850408504614567
g2,Meta-Con,7.67747975596653,0.7979332679837678,7.885061403508772,0.24188596491228062,8.229350877192983,0.8890895648859357,2.2200929314167657,0.9243178598593453,-63.54663157894738,12.192447368421055,75.73907894736843,0.5982769163300464,5.1700244872388454,0.5123043202078708,-5.86471052631579,5.307350877192983,11.172061403508772,-0.6564397281556038
g2,Main-Th,6.577417682571099,1.4211074003069888,4.251778481012658,-0.2612848101265824,5.9227468354430375,-0.36916025736361513,24.303198976984817,10.355154470313199,-46.15096835443038,20.36176582278481,66.5127341772152,-0.5070994319478757,4.156024149297167,2.5414661661814497,0.6436772151898735,-2.212006329113924,5.79373417721519,-0.553196730112615
g2,Main-Th,3.0934965342426044,4.082707186678219,1.6292162162162158,-2.7904144144144145,4.703540540540541,0.34432739289284975,3.987650607899314,1.4480101414344342,-21.072288288288288,11.30533333333333,32.37762162162162,0.8627333264214473,2.48323459439056,3.692424375201849,6.17763963963964,0.7576756756756757,5.602324324324324,0.6282412845269063
g2,Meta-Con,15.459175743548574,3.929089481829781,0.2717511111111101,-20.652206751054848,21.543542222222225,0.6230946064224526,20.04253969932968,8.611436630652218,-54.581888888888884,-3.728476793248945,52.108653333333336,-0.49810661169949294,7.267629360924907,2.4049951095080195,-5.679311111111112,5.738691983122363,11.5264,-0.5033987100515186
g2,Main-Th,8.097726686376896,8.680969474458202,2.5535241379310345,-1.7637862068965522,6.06783448275862,0.630342003903274,24.53287066618098,20.735203134443328,-58.061206896551724,16.287910344827583,74.3491172413793,-0.24046994889136136,9.454013458508456,4.319636163216417,-3.7715172413793105,1.7240275862068968,8.561255172413794,0.3645620414732988
g2,Main-Con,5.542392906685295,11.53096327865985,14.966805031446539,-6.465052410901469,21.431857442348008,0.6523248057155654,4.010562427626416,12.480669162029885,-68.96440880503145,17.633874213836478,86.59828301886792,-0.09712651069506327,3.958683963187621,1.5293291112890495,-14.308595387840672,4.769054507337526,19.088761006289307,0.11705652595478734
g2,Main-Th,2.7990657031529307,0.8829691781640109,10.41056701030928,4.009154639175258,6.401412371134022,0.07105127315683551,20.543486225456785,0.9508617880819294,-55.73336082474226,10.93032989690722,66.66369072164949,0.8277182975484063,3.66959430533739,0.3139681813501866,-3.2696082474226804,-1.1054329896907218,3.581659793814433,0.08683082897349508
g2,Main-Th,7.931256927658141,0.30670358473433085,24.751654545454542,2.7211999999999996,22.03045454545455,0.6480785381464914,19.024829192665596,0.30044079065078483,-56.4226909090909,10.359672727272727,66.78236363636366,0.3033382312732847,7.705813009455935,0.09749982301632905,-9.644581818181816,-1.3505454545454545,9.411163636363636,-0.015717605036820844
g2,Main-Con,5.3771441653242205,0.7051044746130547,13.057913043478258,3.6510579710144926,9.406855072463769,0.16523425848588474,18.16682662197192,0.4574198572768808,-27.953956521739126,9.300565217391304,37.254521739130425,-0.0013124841514224486,3.788655699109363,0.20947525271598613,-2.7983913043478266,-1.4899710144927538,1.7409130434782607,-0.04893170537644277
g2,Main-Con,19.067779831250625,3.71320228487732,12.458272727272728,3.0689208211143693,20.00271260997068,-0.46727517574163274,37.3035688966815,8.431618357169583,-36.32607624633431,16.152390029325513,57.10613782991202,-0.17810140581837755,7.49382896358738,0.9054498962931395,-8.237879765395896,-0.025997067448680338,9.34941935483871,0.02868942984177949
g2,Main-Con,6.758047744272607,0.8677086236886907,16.78396932515337,3.089680981595092,13.69428834355828,-0.36384044665199705,21.513602548997206,7.986011817925157,-61.54665030674846,15.319184049079755,76.86583435582821,0.5674623156228972,5.971175090598521,2.949330499976451,-15.033429447852761,-1.3625398773006134,13.670889570552147,0.1864383652183852
g2,Main-Con,10.079038608487727,3.7144926531691036,10.054378947368422,0.4851122807017542,10.423610526315787,0.46957494806568156,29.980885142239497,9.707484785989873,-53.09752631578947,20.78781403508772,73.8853403508772,-0.9181188813855491,12.453352816287605,2.767500969647571,-5.688052631578946,3.917508771929824,12.857056140350876,0.028243040367347424
g2,Main-Con,6.93066920726768,1.4158753545011022,13.609588744588747,0.6798672839506172,13.509653679653677,-0.6665666680773137,9.055596186513913,5.5796634046609626,-67.08525108225108,23.798447530864195,89.46121212121213,-0.32415929120844866,4.08342191952061,0.550051430048596,-7.122593073593073,1.7719876543209878,8.770424242424244,0.28388765997310766
g2,Meta-Con,7.15783036670953,3.1829924209904865,12.23863613231552,1.8673621867881547,11.037315521628498,-0.015035954434595796,30.13273916408175,5.090777749261378,-36.78999491094147,18.487940774487473,56.43850890585242,0.48451887850293457,9.925527411651188,6.79503068118448,-4.054862595419848,10.518617312072893,16.942211195928753,-0.23361525849911619
g2,Meta-Con,6.824623332670296,0.7675543215331989,8.88718359375,-1.93072265625,11.3113046875,0.4798943246423388,29.019615610289872,0.6781994256054367,-46.56882421875,13.690457031249998,60.25928125,0.49173009716134625,8.290258221197144,0.8206163423374376,-2.9452695312499997,14.356554687500001,17.30291796875,0.31479104778565187
g2,Main-Th,4.762493620657792,3.853138074175044,10.788897849462366,7.867516129032259,3.9503602150537636,0.33032822182613236,17.05104776777288,1.4163598792832022,-42.62206989247312,15.491021505376343,58.11309139784946,-0.5527264307917674,4.364379163290563,5.722732281590137,0.15298924731182836,-4.52789247311828,8.620408602150539,-0.3282050083958803
g2,Meta-Con,6.242717330464406,0.9476458764681075,11.739273542600895,5.556995515695068,7.004511210762331,0.5748148983665736,15.079195927983863,1.19695591373244,-59.20169506726457,15.669067264573991,74.87076233183858,0.33281560129813503,4.34381891639731,0.5110833218560044,-0.5171524663677131,-5.249748878923767,5.216982062780269,-0.07703966429118633
g2,Meta-Con,1.6176966522646392,0.22953259452372096,13.276973684210526,2.0066315789473688,11.27034210526316,-0.20855070878123874,1.2464685055867346,0.16447363561876954,-67.9333157894737,13.461131578947368,81.39444736842105,-0.0014446700089653457,2.4045189232961612,0.170675948851496,-8.182131578947368,-6.4221315789473685,2.7776315789473687,-0.32496728479711523
g2,Meta-Con,3.4187508393329704,4.227467640754673,-1.2785893719806765,-0.9723429951690821,3.3219951690821263,0.2967390408728698,23.621113634460883,5.980650544526415,-42.63216425120773,10.63703381642512,53.26919806763285,-0.4659546071426179,4.010958044195526,4.853416015958964,0.5871545893719805,8.050859903381642,7.700536231884058,0.3541950508311413
g2,Main-Th,2.4917260899503124,1.3323718362753574,5.049121771217711,3.8205092250922505,2.1031881918819186,0.2043631664037093,19.821102171352486,2.6130569616269077,-32.342472324723246,11.138734317343173,43.48120664206642,0.5039242245653784,2.5568891287836806,1.2402025303462183,3.957638376383764,5.520653136531365,1.5925129151291515,0.6626598201243742
g2,Meta-Con,5.286198597546106,1.0827208044962429,4.523985714285714,3.457603571428571,4.672775,-0.5208496762653575,21.479790951923587,1.6183982026038897,-44.366546428571425,5.884821428571429,50.25136785714286,-0.1477086627695086,2.28962196128567,1.2229879055419535,-2.2086642857142857,3.8668714285714283,6.0755357142857145,0.20389948686071044
g2,Meta-Con,5.280945071472336,2.4769061687596916,-0.7644250000000002,0.8934981412639407,5.30505,-0.2516050222103163,21.81545009912963,3.0155351773466,-35.101099999999995,8.842542750929367,43.317825,0.16303890993579231,2.535078036394576,1.863264706414793,1.1880791666666668,3.7031710037174723,2.4513958333333337,-0.5535364590683636
g2,Main-Th,1.2497394134764723,1.2613058703378104,5.47322641509434,-0.010037735849056612,5.483264150943397,0.8775799278645615,15.877570101795976,0.9604300666458081,-40.80432075471699,8.102169811320756,48.90649056603773,-0.9052963314049831,3.0121940407354386,0.4874849705546735,1.0069433962264152,4.33843396226415,3.7603584905660377,-0.5613055477826825
g2,Main-Con,9.498634640404488,3.1400677131059087,15.319264406779661,3.088535117056856,13.32130847457627,-0.19871854505556188,18.24322067902219,9.584942231815333,-59.66603728813559,25.089003344481604,84.7559220338983,-0.9202206925532769,7.622950131638216,2.4955874559032645,-16.36286440677966,1.1766555183946488,17.532006779661018,0.07278321500369031
g2,Meta-Con,12.826720986791397,3.3737558971998385,7.894632911392404,2.762535864978903,9.207008438818564,0.1975860841782903,23.765472625766574,8.41548636260076,-59.7048670886076,25.726527426160338,85.43139451476793,0.5024104991718198,14.131216215769019,2.2287571897664566,-2.957892405063291,-0.5380654008438819,12.626978902953587,-0.511339864618929
g2,Main-Con,7.234476747987054,4.408902306415607,6.3669014285714285,-0.4504571428571431,7.6123071428571425,0.569085966895928,6.598945340988031,8.198328167079666,-66.48781000000001,16.434814285714285,82.92262428571429,-0.17139862090570465,5.454493582099377,3.9888640766973555,-7.249334285714285,3.620962857142857,11.02658857142857,0.6491601001417528
g2,Meta-Con,5.735759729639815,1.7406926942547625,7.513381132075471,-1.6467849056603772,10.028143396226415,-0.45046748389623126,22.638394332193894,5.017678564765031,-60.41687924528302,12.54992075471698,72.96679999999999,0.7611790556815965,4.423645997704544,2.8404318755971807,-5.34173962264151,4.056079245283018,9.530241509433962,0.13149454583902617
g2,Main-Con,2.9183330958513434,2.0814577091045443,11.059420814479639,-0.33208371040723994,11.391504524886878,-0.08657381119926685,22.0137590718799,2.169547590034931,-40.57030316742082,18.429144796380093,58.99944796380091,0.09437305931135592,5.095497609541458,2.9532925702944075,-1.1143009049773756,12.513153846153847,13.99526923076923,-0.3951573221480518
g2,Main-Con,4.3665852524396085,4.379167285215733,12.146274064171124,1.010178523489933,11.405816107382549,0.11853900085893242,18.974513063569713,10.068439962316807,-58.833377005347586,19.35333691275168,78.16519731543625,-0.1681542094373944,7.411798523347186,3.7614030179333584,-4.891006684491979,9.308531543624161,14.395672483221476,-0.04592380518313488
g2,Meta-Con,3.978860856110539,0.9016360360602393,4.1795820224719105,2.978305617977528,3.6141483146067417,0.08702498120125599,16.227484967832908,0.5747698367075157,-23.786040449438204,7.3722112359550565,31.158251685393257,0.4236137225782966,2.2605160242901348,0.6078125800631679,-1.88261797752809,7.82030786516854,9.702925842696631,-0.35342802941985507
g2,Meta-Con,5.191845634047278,0.9628314645900755,9.904117511520738,3.0070852534562214,7.2255806451612905,0.24900277615865135,24.80453566863385,0.6366877727195722,-52.492271889400925,9.062341013824884,61.55461290322581,0.18442917565127304,4.974203524788297,0.6639351810763413,-3.6511382488479263,7.623170506912443,11.382612903225807,-0.1047508623804332
g2,Main-Th,2.450083408934166,3.1933889440565486,11.018966666666667,-5.510633333333333,16.529600000000002,-0.7490282400002695,18.774597826110774,1.31505273422221,-44.0924,7.842633333333334,51.93503333333333,-0.871644437833762,3.739090950279664,2.1100667164861395,-3.4078666666666675,9.577333333333335,12.985199999999999,-0.7625653561901955
g2,Meta-Con,6.877495909725371,2.5718606279204654,5.840749999999999,1.67089837398374,6.975436991869919,-0.14273082228567102,10.409025575262516,9.04977212080084,-58.69561585365854,26.467705284552846,85.16332113821139,-0.17862964388663974,5.537967357465156,1.379515220984911,-2.950957317073171,6.360178861788617,9.329319105691056,-0.04084848660667049
g2,Meta-Con,8.395077820359015,3.9828041368814597,-1.026687719298246,4.302480701754385,6.78459298245614,0.47320661023113547,18.73597279121333,3.3555117885405124,-52.590803508771934,24.68927719298246,77.2800807017544,-0.6767353841984814,5.984318263476361,5.909096042733907,-0.7753684210526315,16.092000000000002,16.867368421052635,0.6092516560675639
g3,Other,4.7305030501364875,5.899514945979189,12.219322580645162,-0.9886290322580646,13.207951612903226,-0.23233300836298634,15.391581481291668,1.883649165233209,-42.26411290322581,18.352774193548385,60.616887096774185,-0.2000215666649977,3.617392408799258,0.6957004535717561,1.0033548387096773,-0.9468387096774193,3.411387096774194,0.004492090873313901
g3,Main-Th,3.978461110695538,2.297219672293951,9.41827142857143,9.33954285714286,4.235900000000001,-0.14789750128417783,20.212525700868795,5.548470787422603,-44.49374285714286,40.88547142857142,85.3792142857143,0.7859962910264374,2.5373116152572304,2.6237136223394675,2.097357142857143,-1.909242857142857,4.0222,0.3096339098968022
g3,Main-Th,3.539991926394548,2.0895615494767985,8.792453846153846,4.778861538461539,4.757423076923076,0.06316295885671336,18.486239244074156,6.864948270934881,-28.7024,29.014069230769227,57.71646923076923,0.07914372267232278,4.516865257760966,1.1862371571332715,-0.17074615384615366,-1.3221076923076924,4.468561538461539,-0.25628312762833155
g3,Main-Th,0.769927248894169,2.234223257300295,6.402925000000001,9.406775,3.0038500000000004,0.6717608704428184,0.9456424203574453,2.322902128251618,-13.408949999999999,31.606399999999997,45.01535,-0.9257049562014892,0.7594302250152193,0.6889421024388193,-8.271199999999999,0.39690000000000003,8.668099999999999,-0.43191531339629335
g3,Other,6.230437559992918,3.389435048106306,6.462869701726844,18.312780219780223,12.584874411302982,-0.31643856997883046,23.309840167751158,5.87782012182841,-30.946703296703294,35.76341444270015,66.71011773940346,-0.6558398694573611,4.2538795206743485,1.500559008950082,-4.9716138147566715,4.133929356357928,9.626965463108322,-0.23100815482247286
g3,Main-Th,1.7232054231949177,1.241972750926871,6.6258493150684945,11.094449315068493,4.5446109589041095,0.2622385211115982,3.30030527923453,5.6345957096227135,-19.789389041095887,37.60511506849315,57.394504109589036,0.12825856220794052,4.4959025624753055,1.6488648361250613,-4.865438356164383,1.2438739726027397,6.390528767123288,0.2482341915695384
g3,Main-Th,2.7211211284996466,1.224965567182922,11.727985714285715,10.50444761904762,2.1857761904761905,-0.018138453629746754,11.041493343065207,0.4502120267312311,-31.52646190476191,30.968347619047616,62.49480952380952,0.3869346271960549,2.9842486056735957,0.7462228886799732,-2.2243857142857144,1.422657142857143,3.780852380952381,0.40631792970449815
g3,Main-Th,4.15211104074084,1.3060470633283872,9.304661870503597,9.288571942446042,2.376629496402878,0.15823807607978121,12.79437702771454,5.598444422558041,-26.376460431654678,35.62206474820144,61.99852517985613,-0.6357187657345224,2.0085988398073376,0.968813652733366,-5.959791366906475,0.6829280575539568,6.642719424460433,-0.2158483870845897
g3,Main-Th,2.0948473613116945,14.227152783671778,6.290557692307692,-12.928442307692311,19.219,0.044723066104646096,2.769502053993444,8.841839592106895,-28.552980769230768,25.666999999999994,54.219980769230766,-0.47968081627323533,2.4756256989764993,6.826601844298022,5.017288461538461,-7.437346153846154,12.454634615384613,-0.48772435634616595
g3,Main-Th,1.7059661394586916,13.247006776411256,8.178980000000001,-9.789420000000002,17.9684,0.5310628197752213,4.370245792181675,2.733465186333632,-28.11696,21.24856,49.36552,0.18154339668316694,1.84857768203844,1.2667751537680558,2.17132,-5.271339999999998,7.442660000000001,-0.37894448934181396
g3,Main-Th,4.143448499071433,2.817534536118152,13.52615107913669,9.96893525179856,4.7230647482014385,-0.14544064712245192,18.655893700460336,9.188070804233895,-50.46511510791367,34.421931654676264,84.88704676258992,-0.1883353237649691,3.3382185616236915,1.9525972174597774,0.4700899280575537,-1.825341726618705,3.2169064748201435,0.36611053966178697
g3,Main-Th,5.710376412133934,0.8659132120290985,10.60429179331307,10.181571428571429,3.4632674772036474,0.027581623588862843,17.85186371278655,0.4391784735539557,-39.44293313069908,31.424528875379938,70.86746200607902,-0.32089711127681697,4.266595213211127,0.44688630371534693,-0.691693009118541,0.2869787234042553,2.6443069908814585,0.3461352605995827
g3,Main-Th,1.0333269331724941,1.358448706220332,5.89544262295082,8.784491803278689,2.9518032786885247,0.2417285379908811,1.3551000582095636,0.5109218171880006,-18.165639344262292,30.913114754098363,49.078754098360655,0.19069722365101682,1.0589963358502532,1.0763075014627175,-9.354836065573767,-0.4577213114754098,8.897114754098359,-0.6231340829373382
g3,Other,6.4045092275340245,2.230752156740617,6.388580952380953,5.18834761904762,4.643814285714286,0.0786036359581882,14.248333634119856,12.408010122424951,-26.490276190476187,37.45014761904762,63.94042380952381,0.2398256602136853,7.6267797177848,5.948971633209543,-4.956695238095238,-5.315723809523809,6.434990476190477,0.07217484056402558
g3,Main-Th,9.667567675575144,3.638149350636898,12.558102222222224,16.16950222222222,8.892937777777778,0.13008296283842447,27.120689292169924,9.41449193314256,-45.093848888888886,39.60895111111111,84.70279999999998,-0.5347241016648182,6.1196343909654685,2.434153518516519,-1.8669644444444444,3.9598088888888894,6.641288888888889,0.14930138626565523
g3,Main-Con,4.232978867584943,3.9950357117452855,5.420264540337712,10.071984990619137,6.9028949343339585,-0.2531250313349711,14.682400018780307,9.777370565381277,-24.71680487804878,38.8856904315197,63.602495309568475,0.2629492599638342,3.301568500195543,3.0196831912958273,2.067204502814259,-0.6410356472795498,4.123144465290807,-0.15441699482348328
g3,Main-Th,3.800451684315461,4.1816671159994705,11.07377566539924,8.827313688212927,3.4615152091254755,0.4122487404788754,17.283871337924182,2.730167274958778,-47.95980798479088,32.18459885931559,80.14440684410646,0.12558118196206383,2.924859091160328,1.3331302859480645,3.8879144486692017,1.0197984790874524,3.343568441064639,0.1310327527008297
g3,Main-Th,0.5120947082756299,2.0938958653958775,3.5890975609756097,12.024170731707317,8.435073170731707,-0.7074376791036037,0.6232197934722623,2.337968963521596,-19.11619512195122,40.79902439024391,59.91521951219513,0.6590924565864398,0.15757970108843966,1.019008221202385,-8.68329268292683,2.9765365853658534,11.659829268292683,-0.6810339816196579
g3,Main-Con,8.160383644586904,3.8522734781859387,6.227884169884169,13.19469111969112,8.61515444015444,0.515218304531868,23.997909320794136,8.846387905632659,-35.42262934362934,39.023876447876454,74.4465057915058,-0.5472078638563076,6.947655460443108,2.1323343547097298,-6.349594594594595,1.5524671814671813,8.8976138996139,0.5156584170338676
g3,Main-Th,5.579397987747154,2.7068769225113987,9.004406091370559,14.014421319796954,6.224238578680204,0.4486127827911976,24.347774684771156,5.146301976296554,-42.37604060913706,37.49184263959391,79.86788324873098,-0.10770466995471788,6.467430408254969,1.6763041749909517,-4.0591776649746185,0.09719289340101525,5.542979695431471,0.7214080659275282
g3,Main-Th,4.739017180355245,4.321823901892769,10.723914835164836,10.739706043956042,5.744159340659341,-0.0838027728370989,14.67297049004996,10.429431359874222,-32.49937912087912,36.40485164835165,68.90423076923076,-0.4485900968089318,3.1972366742337988,1.5371451267529066,-5.4846620879120875,0.6676565934065933,6.239582417582416,0.32663983453079004
g3,Other,9.366919888686782,5.413269911790399,4.480478527607362,8.561791411042945,8.54780981595092,0.2547853985813748,23.046064537880902,9.696924541481707,-58.92874233128835,37.23528220858896,96.1640245398773,-0.44446332301102365,11.125709234372257,1.0593585836305177,0.7046748466257674,-0.8533466257668713,8.598837423312883,0.1743181836233311
g3,Main-Th,2.8764625446257632,0.3266239233454698,11.22347222222222,13.863111111111113,3.2209166666666667,-0.43716828708386457,3.7678550700062003,0.1764696655438063,-29.557000000000002,31.64166666666667,61.198666666666654,-0.15418415544246297,3.055979370723192,0.2272852832895258,-7.7015,1.9411666666666667,9.642666666666667,0.36480376708124607
g3,Main-Th,3.1289916017840693,0.8091470831544628,4.937732394366197,11.376390845070423,6.4753908450704225,-0.10411324167813557,5.823332074093618,1.0094666098234648,-26.52005985915493,33.777623239436615,60.297683098591556,-0.3027579430101227,1.659030510792765,1.1040730430670846,-2.949031690140845,-0.23795774647887338,2.931792253521127,-0.6589847935322213
g3,Main-Th,7.924073295424107,4.199649238753359,3.072420387531592,9.997437236731257,7.927874473462511,0.6396426157356125,17.342602166451314,5.292480398575972,-23.12408256107835,35.7393900589722,58.863472620050544,-0.2517832317187515,5.843112928533099,3.9034956760496784,-4.831809604043808,1.163106149957877,7.627299915754001,0.04971130876621498
g3,Main-Con,3.47596090605681,5.904770053302908,8.830054744525548,7.761923357664233,4.918467153284672,0.2779614343799474,17.124939489743188,11.566201505589202,-46.508226277372266,32.45153649635037,78.95976277372262,0.1729802133355915,4.463740631623405,5.127928968195726,2.7595182481751825,-2.199624087591241,5.531120437956204,0.37842234523608714
g3,Main-Th,3.920091501297266,3.2304956975006682,8.81453798256538,6.521153175591531,4.1215417185554175,0.13285508563991225,18.741499636159954,7.709066499881589,-28.720834371108342,29.114524283935243,57.83535865504359,0.0777269600667567,6.503159655478347,1.9617964652240272,-6.496088418430885,-1.8042789539227895,6.569014943960149,0.25863177047288183
g3,Main-Th,4.292727793455586,2.171878888119294,10.297930327868853,7.937905737704917,4.391590163934427,-0.00874490110384783,9.936350187789023,1.65069727140345,-33.17723770491803,27.12815573770492,60.30539344262295,0.08434636615825572,4.074258904716795,0.8350143616710172,1.1050532786885248,-1.360799180327869,4.4751557377049185,-0.06721065185675928
g3,Main-Th,4.274872106311995,5.270673758687713,10.001520912547527,5.586212927756654,5.612403041825095,0.032207510868209624,15.779796163818833,1.724253729263894,-28.824885931558935,24.95385931558935,53.77874524714829,0.1352205980797953,9.312612460864798,2.8328991793256737,-5.143802281368822,-2.2502813688212933,9.375528517110265,-0.5410361025394237
g3,Main-Con,0.509174426049273,3.48846847808868,4.6570847457627105,6.802474576271186,3.016271186440678,-0.014753154319774755,0.33598828028460015,3.8067386448851095,-17.469338983050843,31.36657627118644,48.835915254237285,-0.2405690653158414,0.1870919053933265,1.754687303154815,-9.33571186440678,-0.7789491525423728,8.556762711864407,0.03841058615227105
g3,Main-Th,3.796477023297955,1.6917891281177413,12.234246696035243,9.45673127753304,3.93752422907489,-0.2705962988338393,13.177491248710423,1.959987662971486,-40.766436123348015,27.814308370044053,68.58074449339206,0.048753085177946534,3.6219531972731644,0.736673298254177,0.786431718061674,0.6280176211453744,2.705374449339207,0.4022127823572173
g3,Main-Th,8.36185993663314,1.034968501671902,7.7424246031746025,7.711115079365079,5.940650793650793,0.23261154371758797,29.49159590026665,1.9927585685106792,-44.57151984126984,25.30947222222222,69.88099206349207,0.1421914645898489,13.379798264437339,0.33136246225052524,-5.632857142857143,-0.007047619047619054,11.806825396825397,0.43551185598393205
g3,Main-Th,1.9952861357986411,8.13803590361878,4.228230303030303,5.168569696969696,7.101187878787879,0.04899114005158981,4.266793094252968,8.109967232088133,-18.549957575757578,33.826454545454546,52.37641212121211,0.550291576250861,3.241249528737151,6.402595008724992,-4.580509090909092,0.8327757575757575,7.1158787878787875,0.2752658553933825
g3,Main-Th,0.2150938529837566,2.331484361738731,4.951032258064517,11.574064516129033,6.623032258064515,-0.31944948501279036,0.1373337430832177,6.241296760246413,-18.018903225806447,43.42787096774193,61.446774193548386,0.42873276559697365,0.13322683381103007,0.9630525616803788,-8.057451612903225,1.4186451612903224,9.47609677419355,-0.4353863152616906
g3,Main-Th,4.469023453478904,1.887154925345045,12.587916666666667,9.658767857142857,5.153755952380952,-0.38033247470887477,16.184380559876036,1.1879412052220608,-46.46552976190477,31.374184523809525,77.83971428571428,0.6952482223717376,3.1022790550325574,0.9847058023671683,1.5847559523809527,0.04937500000000001,2.9200476190476192,0.10812578494559377
g3,Main-Con,1.9849818029342132,1.84052612953958,10.685490825688072,5.465394495412845,5.277316513761468,0.11860323140844704,2.4287922992143898,1.3448821246587883,-35.14006422018348,29.19963302752294,64.33969724770643,-0.045395816936020746,0.98677875827467,1.3458519199277885,3.6610137614678906,-1.4962064220183486,5.157220183486239,-0.3827628072926347
g3,Main-Th,1.256286833600857,5.886013340454531,4.137382352941176,8.959588235294117,5.427720588235295,0.7774851265656593,0.8086530485237227,8.138014753869939,-19.580948529411764,41.621382352941175,61.20233088235294,0.24731334704979602,0.8915708024638874,4.019474400654436,0.6050220588235293,-2.638823529411764,3.668625,-0.3402768902670843
g3,Main-Th,4.941192173314987,2.3980138371276665,10.159889175257732,11.840193298969071,4.05951030927835,0.32059530569168926,15.876547530360943,1.2588608042993004,-38.571389175257735,28.592912371134023,67.16430154639175,0.5140647229733196,5.007925000706526,2.1595797415809117,0.6989381443298973,3.7744381443298964,4.44611855670103,-0.4060373565220952
g3,Other,2.3327335670275,2.600550988257822,7.388,12.346431034482759,5.14198275862069,0.34798808136469395,17.25881727716923,9.387152463336976,-48.13298275862069,36.92177586206896,85.05475862068964,0.82962882102574,3.4565894812814064,0.92063179994544,5.502999999999999,3.3440344827586204,2.6573448275862073,-0.7352079774793947
g3,Main-Th,0.46434342482312657,0.3474471606039755,0.576764705882353,12.268823529411764,11.692058823529411,-0.17902705003532718,0.4751774977961019,0.3203010417606241,-20.879176470588238,30.021411764705885,50.90058823529412,-0.7649706925242906,0.6351197779576236,0.16168451488296942,0.20141176470588235,4.048411764705882,3.847,0.004863054382925908
g3,Main-Con,3.968269870585008,1.4927664987282314,10.769822222222222,12.464977777777777,3.6841111111111116,-0.3162567377476914,14.274865523127382,0.43263435256718036,-46.1786,25.79778888888889,71.97638888888889,0.10371294191100294,4.105583174060183,0.41706067902346733,7.892944444444445,4.50908888888889,4.243011111111111,0.34592083000567436
g3,Main-Th,3.5166141333753633,3.517858765501087,5.183402173913044,8.928532608695653,7.041021739130435,-0.8553126257886723,17.74715420883602,6.245177402316933,-29.999288043478263,32.14402173913044,62.14330978260869,0.4097806724347301,5.733301465449187,1.9753256598799567,-1.238516304347826,0.8635434782608695,4.89066847826087,0.022649085137643125
g3,Main-Th,5.905062334782036,3.0005364575248614,9.381647331786542,7.533955916473318,4.731598607888631,0.2850813014709584,14.135774980846444,13.862810179184129,-28.59586310904872,31.90159860788863,60.49746171693736,0.6449108881980625,5.693142316693531,5.551292181839852,-3.279352668213457,-0.43809744779582377,3.27638747099768,0.8404108817768621
g3,Main-Th,0.726852904735168,0.7767710267825267,9.822829268292683,10.847146341463414,1.1191951219512197,-0.21621917624435025,0.7660511278549261,0.5527932507265084,-20.479341463414634,26.94685365853658,47.42619512195122,0.15408316623255452,0.7885823974455526,0.4915195701138237,-9.780951219512195,2.608365853658537,12.38931707317073,-0.6418396044540338
g3,Main-Th,4.343542200184334,3.4196365100980457,4.1983120567375884,-2.222156028368795,6.713872340425533,0.18520076858981974,4.210634063044101,5.020170190112081,-28.66609219858156,22.056234042553193,50.722326241134745,0.2597449359940486,3.14034310030597,1.584777908397988,4.413687943262411,-0.9497163120567378,5.363404255319149,0.4142168928062762
g3,Main-Th,5.571052466894284,0.6142851532431411,1.1169555555555557,11.563422222222224,10.446466666666668,-0.6917475609189073,3.6594463686809955,0.5581663404724112,-41.955844444444445,26.1718,68.12764444444444,-0.3510887843119647,3.5274718109104257,0.3128653210103496,8.561177777777779,2.2432,6.317977777777778,0.5714736064172624
g3,Main-Th,6.071163528883875,2.398612679035598,12.471679347826086,10.230369565217389,5.287032608695652,-0.11857522547212722,19.007341348383243,3.6323122405351365,-43.56432065217391,25.93989673913044,69.50421739130435,0.5252501343431739,4.725315073589545,1.3997968039705309,3.705733695652174,0.9230543478260869,4.9564510869565215,-0.025439223357099403
g3,Main-Th,4.152759190546193,2.6922220937485313,17.03792253521127,12.564345070422537,6.472112676056338,-0.35828008501629627,13.462333148866055,6.099593385172418,-62.78673943661972,33.68041549295775,96.46715492957746,0.3624859161737891,4.688711686981616,1.8789265206742116,-2.0689929577464787,-0.6196408450704226,4.776140845070422,-0.21270533893900173
g3,Main-Th,5.502087709000224,4.844387127509121,11.56215436241611,5.961687440076702,6.587832214765101,0.2818422736327262,16.5249740411164,11.52443214386395,-39.733918504314474,29.727329817833176,69.46124832214764,0.07948809552961014,5.51629180682044,4.067703014410261,-0.6824362416107385,-1.2760719079578142,5.543378715244486,-0.22568389528486396
g3,Main-Th,2.3314614872261243,2.0962478440207177,9.366515625,15.509265625,6.14275,0.22849102344859884,3.464140353484667,1.4332773541636432,-30.686734375,28.497796875,59.18453125,-0.5668530530359556,1.2947017949501816,0.9975428889166492,-0.6097343749999999,2.2862031249999997,2.8959375,0.31959536903435165
g3,Main-Th,5.002985139349883,1.677461794015034,11.021775675675675,11.115862162162161,5.276145945945946,-0.5909995822397519,19.968892437139424,3.065351832832455,-40.09616216216216,34.77419459459459,74.87035675675675,0.40250114032414586,6.537430676857734,2.497891350322325,-2.888959459459459,0.9934189189189189,5.272275675675675,-0.6753783581682329
g3,Main-Th,4.305254357413964,1.895647632605207,9.280940983606557,8.549534426229508,3.2834,0.39866261121009766,5.133655519715317,6.8568184670547,-24.55587868852459,34.79443606557377,59.35031475409836,-0.0832553758060443,2.700009118609375,1.7743528908100472,-3.383829508196721,-0.3448491803278689,3.3693475409836067,-0.5936341042028963
g3,Other,4.224610521879085,0.7611647950346249,8.842474358974359,10.982017094017094,4.457585470085469,-0.33116037344634797,10.79254009055224,0.7067096427446237,-33.55040170940171,29.11801282051282,62.66841452991453,0.28201672898938185,3.3445933112182966,0.5264800632998358,3.1296495726495723,0.5250213675213675,3.930423076923077,-0.28999743175957454
g3,Main-Th,3.208767660835855,10.403429972009814,10.924287878787878,5.610090909090909,11.320606060606062,-0.2970893314747144,4.223076603012423,3.0981472559139043,-28.82433333333333,31.40447727272727,60.22881060606061,0.24512607492838898,1.691996463791722,5.305086847113147,-5.397068181818182,-1.2158409090909084,4.795454545454546,0.43203664882337506
g3,Main-Th,9.769667742888545,9.660661898228646,1.9957448107448108,2.3615665445665446,9.832625152625152,0.16412452041917924,19.40910868106419,10.839489729368452,-28.679720390720394,28.818380952380952,57.49810134310134,-0.03065181645535518,9.26531091770864,8.681709541581265,-1.9574908424908426,-5.443255189255189,11.638079365079365,-0.2678335570717624
g3,Main-Th,5.372335168984497,8.614303314984921,9.34655947136564,5.717823770491804,6.7376299559471375,0.2413893113284283,18.162532123474747,3.39846346713659,-42.65131277533039,25.436631147540982,68.26198678414097,-0.23644265442927068,6.627137052723026,1.7947892866109194,2.4714008810572685,-0.7262500000000001,5.801559471365638,0.3336326152063049
g3,Main-Th,2.593249262963385,0.38853000142159166,8.801727272727273,7.5533787878787875,2.4629242424242426,-0.021556417968387146,4.512547676494292,0.2813253746706228,-26.00907575757576,25.515818181818183,51.52489393939394,-0.13794280267937684,1.359647853078982,0.27626957376677835,-6.342515151515151,-1.0217878787878791,5.320727272727273,-0.302505817144312
g3,Main-Th,7.605675551095853,3.323868853627703,12.108714285714287,4.792892857142856,8.365119047619046,0.28975484417779146,23.077827062988597,2.6881232189441557,-53.78755357142857,28.743553571428567,82.53110714285715,0.2723302065965623,7.338591630088308,1.7079708962723996,-4.656476190476191,-2.6564345238095237,6.486053571428572,-0.21382248520591327
g3,Main-Th,2.960568480303797,1.174765648375639,9.09064423076923,5.166038461538462,3.9764711538461537,0.6812037889743908,6.296119106342489,5.7757929929608345,-29.593567307692304,36.644461538461535,66.23802884615384,-0.377483115315145,4.1821098778750265,0.7693131204378483,-3.911192307692308,-2.6187019230769226,3.2656634615384617,0.732922478314344
g3,Main-Th,0.6687819916862641,0.5418373057158251,5.7632615384615375,8.660923076923078,2.8976615384615383,0.09719437682701572,0.7383585475306278,0.2640752305761488,-25.506246153846156,34.059261538461534,59.56550769230769,-0.2367476332069854,0.49548716897149275,0.27645214758407316,-0.5645230769230769,-0.7672615384615383,0.49553846153846154,0.02402294429984406
g3,Main-Th,1.3447937775484293,2.6152989328518643,5.8187075471698115,5.770603773584905,2.843915094339623,-0.1463054487770512,1.8193553137037983,5.4760352466580695,-20.239933962264146,28.145358490566032,48.38529245283019,-0.7670671826919546,0.9425575208197685,0.5525428538953658,-1.8348773584905662,-1.2067735849056602,0.8559150943396227,0.042418821095869017
g3,Other,5.391828698869125,0.7409585979490646,4.376777777777778,8.422518518518519,5.364037037037037,-0.22599218275133848,2.4595804885157095,0.5315779847267503,-74.96244444444444,42.55166666666667,117.51411111111108,0.3400291775642506,5.51153484706124,0.4510337129931756,4.505703703703704,2.343222222222222,4.732185185185186,0.28768572191072983
